Line Antares_WL Fe_WL Intensity Velocity Julian day U_vel
A 6152.0985421 6151.6181 0.59995761891 -5.47696441488 2457647.545 0.0347286790171
B 6158.2096372 6157.7284 0.702760849003 -5.46147722515 2457647.545 0.149923668848
C 6165.8652742 6165.3603 0.849507293884 -4.33548240236 2457647.545 0.210190136852
D 6173.83290255 6173.3356 0.635394045012 -4.74003836246 2457647.545 0.0207080164895
E 6180.6988574 6180.2042 0.691130127511 -4.8952984107 2457647.545 0.017788333103
F 6200.8330439 6200.3129 0.604625025898 -3.74001712483 2457647.545 0.196067982916
G 6219.78058866 6219.281 0.646447920074 -4.8082984265 2457647.545 0.0303153237852
H 6246.80790764 6246.3188 0.697329925839 -5.41599749534 2457647.545 0.0372449241243
I 6253.06537537 6252.5554 0.628431252646 -4.43818656139 2457647.545 0.03145650468
J 6254.75684555 6254.2585 0.632349878386 -5.00270093212 2457647.545 0.0386363643883
