Line Antares_WL Fe_WL Intensity Velocity Julian day U_vel
A 6152.09757575 6151.6181 0.587667585893 -6.0540911077 2457627.521 0.019496149811
B 6158.20635303 6157.7284 0.702228724657 -6.15147977072 2457627.521 0.0815230185169
C 6165.89766111 6165.3603 0.817930136029 -3.28956897799 2457627.521 0.0330608937282
D 6173.83639926 6173.3356 0.647759766076 -5.10011198325 2457627.521 0.0479363221223
E 6180.7228749 6180.2042 0.685287611056 -4.25943855214 2457627.521 0.0568799031636
F 6200.81365324 6200.3129 0.674389093914 -5.20822725517 2457627.521 0.0487755514535
G 6219.78210617 6219.281 0.647781452934 -5.26509814692 2457627.521 0.0377054239405
H 6246.83427711 6246.3188 0.738148995985 -4.67951667514 2457627.521 0.118942422737
I 6253.0625999 6252.5554 0.591522957603 -5.10135477352 2457627.521 0.0365665948021
J 6254.75481573 6254.2585 0.631094835626 -5.63006608267 2457627.521 0.102103706216
