Line Antares_WL Fe_WL Intensity Velocity Julian day U_vel
A 6152.11106238 6151.6181 0.585431598271 -5.57237980814 2457630.536 0.0147837258593
B 6158.20853543 6157.7284 0.731518945661 -6.2211547712 2457630.536 0.147531850523
C 6165.8706831 6165.3603 0.853949173577 -4.77829070261 2457630.536 0.142197124841
D 6173.84798115 6173.3356 0.649966881232 -4.71327700967 2457630.536 0.0144286559311
E 6180.71562851 6180.2042 0.689349532797 -4.78719374604 2457630.536 0.0629654287917
F 6200.82023979 6200.3129 0.651889132959 -5.06553913624 2457630.536 0.035866371478
G 6219.79346572 6219.281 0.664391257527 -4.89314640346 2457630.536 0.06951143904
H 6246.83238451 6246.3188 0.742034946276 -4.94641495567 2457630.536 0.0482547622533
I 6253.07006612 6252.5554 0.618490422431 -4.91912268258 2457630.536 0.044108645466
J 6254.76521951 6254.2585 0.619586026468 -5.3070245844 2457630.536 0.0298418346263
