Line Antares_WL Fe_WL Intensity Velocity Julian day U_vel
A 6152.14834916 6151.6181 0.614934142805 -1.55499085767 2458022.557 0.0331648079902
B 6158.25457992 6157.7284 0.74072838629 -1.77890140166 2458022.557 0.0677819920514
C 6165.90259044 6165.3603 0.844601403901 -1.02671299916 2458022.557 0.285195196043
D 6173.87195202 6173.3356 0.631497744538 -1.34938664964 2458022.557 0.0987055589653
E 6180.75795469 6180.2042 0.682031092518 -0.533592337624 2458022.557 0.132273677779
F 6200.8879757 6200.3129 0.739071678228 0.410839475239 2458022.557 0.144770539137
G 6219.81683992 6219.281 0.66599244867 -1.56664295694 2458022.557 0.167541016983
H 6246.88563301 6246.3188 0.737501794944 -0.189980875188 2458022.557 0.123776331149
I 6253.09175362 6252.5554 0.602702711035 -1.6795480803 2458022.557 0.0670729365327
J 6254.78335499 6254.2585 0.638651591923 -2.23811453075 2458022.557 0.0435158305055
