Line Antares_WL Fe_WL Intensity Velocity Julian day U_vel
A 6152.11472017 6151.6181 0.591902234241 -5.36099783856 2457630.522 0.0219608103434
B 6158.22044013 6157.7284 0.716472470967 -5.60816675149 2457630.522 0.09112810837
C 6165.86543492 6165.3603 0.849142873044 -5.00066183919 2457630.522 0.0246874434004
D 6173.84255217 6173.3356 0.625587243886 -4.94410439227 2457630.522 0.0250042578636
E 6180.71475286 6180.2042 0.682854276487 -4.79669942052 2457630.522 0.064041044465
F 6200.81758322 6200.3129 0.665052274826 -5.16107672189 2457630.522 0.0401474733075
G 6219.79348164 6219.281 0.640970933501 -4.85937865229 2457630.522 0.0416813421609
H 6246.81651209 6246.3188 0.726472418176 -5.67574018531 2457630.522 0.0775945358333
I 6253.05830502 6252.5554 0.602693227967 -5.45042470311 2457630.522 0.103393111712
J 6254.76139399 6254.2585 0.596569037141 -5.45752438644 2457630.522 0.0587128622771
