Line Antares_WL Fe_WL Intensity Velocity Julian day U_vel
A 6152.06664254 6151.6181 0.595342484502 -5.87463118823 2457612.56 0.0136571108805
B 6158.17308513 6157.7284 0.699516499152 -6.08426728815 2457612.56 0.0990313538932
C 6165.82003711 6165.3603 0.846214969516 -5.37867185528 2457612.56 0.0959254602981
D 6173.79108315 6173.3356 0.645931771207 -5.61429780723 2457612.56 0.0356618083208
E 6180.65442411 6180.2042 0.679449166787 -5.89418289806 2457612.56 0.0544976578938
F 6200.76424597 6200.3129 0.667113745105 -5.91078121091 2457612.56 0.034148720915
G 6219.75467811 6219.281 0.6239484965 -4.90014786706 2457612.56 0.0571286055663
H 6246.7723226 6246.3188 0.709489060712 -5.96708596904 2457612.56 0.034925854727
I 6253.00890606 6252.5554 0.551922473652 -5.98960573119 2457612.56 0.0590809026243
J 6254.70262151 6254.2585 0.566009443515 -6.44568260111 2457612.56 0.0453315954381
