Line Antares_WL Fe_WL Intensity Velocity Julian day U_vel
A 6152.06324972 6151.6181 0.590843764109 -6.0790911954 2457612.575 0.0769361165069
B 6158.16569591 6157.7284 0.702191913613 -6.48326463098 2457612.575 0.072802952108
C 6165.84170242 6165.3603 0.829159273233 -4.36346068412 2457612.575 0.299464394712
D 6173.7915352 6173.3356 0.65083574836 -5.63132982527 2457612.575 0.0978156120185
E 6180.65613032 6180.2042 0.6660726966 -5.85035985942 2457612.575 0.239309599953
F 6200.79745533 6200.3129 0.729361008833 -4.34295777776 2457612.575 0.0995701592931
G 6219.76876976 6219.281 0.648692441575 -4.25940752727 2457612.575 0.0395865607662
H 6246.79100964 6246.3188 0.711828077067 -5.10857926123 2457612.575 0.110659147034
I 6253.02828017 6252.5554 0.597724355078 -5.0990287114 2457612.575 0.223754668115
J 6254.70656982 6254.2585 0.580094418238 -6.29529274549 2457612.575 0.0255080515684
