Line Antares_WL Fe_WL Intensity Velocity Julian day U_vel
A 6152.12120193 6151.6181 0.590869561962 -5.14189768513 2457630.565 0.0383151261115
B 6158.22056085 6157.7284 0.707002056339 -5.69928542263 2457630.565 0.121802670506
C 6165.88590489 6165.3603 0.838828608513 -4.10161426001 2457630.565 0.0406711367596
D 6173.84860543 6173.3356 0.664090601058 -4.74693955159 2457630.565 0.0284940221898
E 6180.72520728 6180.2042 0.682800565415 -4.38622009093 2457630.565 0.0470047845295
F 6200.82489259 6200.3129 0.69576215573 -4.90441499582 2457630.565 0.0510757630789
G 6219.79500568 6219.281 0.66922971915 -4.88286326392 2457630.565 0.0793700813198
H 6246.84730206 6246.3188 0.724171000991 -4.29395049385 2457630.565 0.104529199291
I 6253.07115059 6252.5554 0.612908062522 -4.93108921065 2457630.565 0.0655720900564
J 6254.76901146 6254.2585 0.613865765626 -5.18913516079 2457630.565 0.028050471722
