Line Antares_WL Fe_WL Intensity Velocity Julian day U_vel
A 6152.13853887 6151.6181 0.606112763697 -1.97941586837 2458022.513 0.0351415442355
B 6158.24145696 6157.7284 0.723127773024 -2.36424228398 2458022.513 0.0237704104832
C 6165.89562695 6165.3603 0.854101424475 -1.31154928732 2458022.513 0.129320508939
D 6173.87151271 6173.3356 0.652468718289 -1.31673550919 2458022.513 0.0599777165555
E 6180.75587357 6180.2042 0.706790865397 -0.580614218096 2458022.513 0.140293646356
F 6200.86740336 6200.3129 0.70095315403 -0.530546363924 2458022.513 0.137992971646
G 6219.80608303 6219.281 0.682029750437 -2.03152423314 2458022.513 0.0344612697462
H 6246.85002567 6246.3188 0.771806012325 -1.84614033122 2458022.513 0.0549766764176
I 6253.07848834 6252.5554 0.631625815681 -2.26202134588 2458022.513 0.046726634145
J 6254.79318577 6254.2585 0.643819410109 -1.7125581558 2458022.513 0.0215663045153
