Line Antares_WL Fe_WL Intensity Velocity Julian day U_vel
A 6151.00989993 6151.6181 0.647769641399 -2.01549243682 2457788.887 0.0357750011901
B 6157.11860224 6157.7284 0.755120310561 -2.06389832805 2457788.887 0.0698799277675
C 6164.7927699 6165.3603 0.867897025379 0.0295775967316 2457788.887 0.274988934939
D 6172.74849111 6173.3356 0.69979213027 -0.886199286555 2457788.887 0.0344597822837
E 6179.62582425 6180.2042 0.728824795684 -0.430565010089 2457788.887 0.0317270205961
F 6199.74279894 6200.3129 0.763250358111 0.0608569717723 2457788.887 0.159166966545
G 6218.68120523 6219.281 0.714971979947 -1.28735275067 2457788.887 0.114930896073
H 6245.73152014 6246.3188 0.809064392035 -0.561046265528 2457788.887 0.0525308035362
I 6251.95837859 6252.5554 0.65664841113 -1.00031544197 2457788.887 0.0301631861546
J 6253.66410844 6254.2585 0.644896608681 -0.866368526609 2457788.887 0.0151247068194
