Line Antares_WL Fe_WL Intensity Velocity Julian day U_vel
A 6152.10320257 6151.6181 0.541668293152 -5.27168460156 2457647.559 0.0188149352219
B 6158.2078349 6157.7284 0.717131722607 -5.57128428909 2457647.559 0.108448722812
C 6165.87193865 6165.3603 0.845835121105 -4.03319710016 2457647.559 0.107378248072
D 6173.8356453 6173.3356 0.646018253903 -4.62875134538 2457647.559 0.0113994304598
E 6180.71391236 6180.2042 0.6967413626 -4.1864989383 2457647.559 0.0174902378988
F 6200.83659234 6200.3129 0.668088690637 -3.59032686163 2457647.559 0.0341198172907
G 6219.78639635 6219.281 0.641610243238 -4.55015236525 2457647.559 0.0287146018026
H 6246.82287619 6246.3188 0.725582717293 -4.71908342723 2457647.559 0.0420674442734
I 6253.05879679 6252.5554 0.604432401339 -4.77582947549 2457647.559 0.048238365284
J 6254.76136769 6254.2585 0.626341636653 -4.80778627262 2457647.559 0.065679148667
