Line Antares_WL Fe_WL Intensity Velocity Julian day U_vel
A 6152.16106324 6151.6181 0.64733686483 -0.648955033343 2458023.493 0.0401500705689
B 6158.24583901 6157.7284 0.782427190825 -1.91875178035 2458023.493 0.127685565062
D 6173.88338166 6173.3356 0.70986249414 -0.50795077312 2458023.493 0.0613832625148
E 6180.74887984 6180.2042 0.736975364776 -0.688104840046 2458023.493 0.0631694312434
F 6200.87892684 6200.3129 0.759455457842 0.259013138137 2458023.493 0.0659282535498
G 6219.85773973 6219.281 0.713942282806 0.692244415516 2458023.493 0.0190036203621
H 6246.85045032 6246.3188 0.804708951545 -1.59374504329 2458023.493 0.0673102976028
I 6253.10117378 6252.5554 0.674154402589 -0.941565250294 2458023.493 0.138780541964
J 6254.82169511 6254.2585 0.711200527292 -0.113041665956 2458023.493 0.0751147830459
