Line Antares_WL Fe_WL Intensity Velocity Julian day U_vel
A 6152.15402019 6151.6181 0.637854699335 -1.01842811659 2458023.51 0.0433766643581
B 6158.25299076 6157.7284 0.782576323203 -1.59632408253 2458023.51 0.0987389835282
C 6165.91981456 6165.3603 0.887866253481 0.071394774127 2458023.51 0.284388094997
D 6173.87200593 6173.3356 0.706452926555 -1.08676692081 2458023.51 0.0306897225589
E 6180.74713466 6180.2042 0.739106719695 -0.798819211975 2458023.51 0.0403043826436
F 6200.87798235 6200.3129 0.748160541077 0.187314459246 2458023.51 0.165387899523
G 6219.83916701 6219.281 0.744451658008 -0.229649231362 2458023.51 0.0405369716077
H 6246.85908028 6246.3188 0.804218052063 -1.20526306098 2458023.51 0.0632333295583
I 6253.09917246 6252.5554 0.674302223463 -1.06358954962 2458023.51 0.0338751282746
J 6254.81367236 6254.2585 0.690178980332 -0.523871185372 2458023.51 0.0312078223759
