Line Antares_WL Fe_WL Intensity Velocity Julian day U_vel
A 6151.98578729 6151.6181 0.581086678778 -6.02475245751 2457596.57 0.029288286718
B 6158.08806637 6157.7284 0.693393585009 -6.43331890428 2457596.57 0.0694840875007
C 6165.77241022 6165.3603 0.815774020106 -3.90314686241 2457596.57 0.17418409847
D 6173.71319942 6173.3356 0.636916224899 -5.60614285066 2457596.57 0.0329007463507
E 6180.59207089 6180.2042 0.670060194499 -5.12793819744 2457596.57 0.0269495294479
F 6200.68280648 6200.3129 0.674711353045 -6.05820269845 2457596.57 0.0345394869991
G 6219.65833594 6219.281 0.615860773306 -5.7544132699 2457596.57 0.0898422605626
H 6246.69111891 6246.3188 0.700250061697 -6.07415992693 2457596.57 0.0248662764765
I 6252.91636981 6252.5554 0.579247716633 -6.63653066121 2457596.57 0.0523033447553
J 6254.63033706 6254.2585 0.565437718143 -6.11997384152 2457596.57 0.0214889633121
