Line Antares_WL Fe_WL Intensity Velocity Julian day U_vel
A 6152.18583858 6151.6181 0.575610517357 -1.909719828 2458002.531 0.0238068787473
B 6158.30118251 6157.7284 0.737481580323 -1.69145719384 2458002.531 0.0273711425431
C 6165.95722571 6165.3603 0.846818970482 -0.551217660251 2458002.531 0.141823484747
D 6173.92217537 6173.3356 0.6626956618 -1.09172780202 2458002.531 0.0258381949999
E 6180.79874826 6180.2042 0.69396842941 -0.736387533802 2458002.531 0.0798837785504
F 6200.91754978 6200.3129 0.7066740288 -0.341228953504 2458002.531 0.128142678767
G 6219.85743178 6219.281 0.678895227865 -1.79160973424 2458002.531 0.0915315928763
H 6246.91318802 6246.3188 0.773987729107 -1.04956059274 2458002.531 0.0848328691586
I 6253.13413318 6252.5554 0.639463444866 -1.82916070505 2458002.531 0.0389558192465
J 6254.83562262 6254.2585 0.645169261664 -1.91397644964 2458002.531 0.0338588514931
