Line Antares_WL Fe_WL Intensity Velocity Julian day U_vel
A 6152.0098963 6151.6181 0.584549889104 -2.08001240056 2458044.487 0.0531324877904
B 6158.1627528 6157.7284 0.654313783336 -0.0256511944509 2458044.487 0.0275252882186
D 6173.7259477 6173.3356 0.677629535213 -2.2176261087 2458044.487 0.0278054958218
E 6180.5456577 6180.2042 0.692234929329 -4.61193120519 2458044.487 0.154646947439
F 6200.74907959 6200.3129 0.754543624674 -0.0826009405313 2458044.487 0.210926617088
G 6219.71885921 6219.281 0.734878346528 -0.0659472966907 2458044.487 0.170413271358
H 6246.68048708 6246.3188 0.694631668979 -3.81578875606 2458044.487 0.339317499314
I 6252.89318547 6252.5554 0.65602935 -4.97992401451 2458044.487 0.223260477405
J 6254.65788193 6254.2585 0.673283083309 -2.02972030209 2458044.487 0.655289735539
A 6152.0098963 6151.6181 0.584549889104 -2.08001240056 2458044.487 0.0531324877904
B 6158.1627528 6157.7284 0.654313783336 -0.0256511944509 2458044.487 0.0275252882186
D 6173.7259477 6173.3356 0.677629535213 -2.2176261087 2458044.487 0.0278054958218
E 6180.5456577 6180.2042 0.692234929329 -4.61193120519 2458044.487 0.154646947439
F 6200.74907959 6200.3129 0.754543624674 -0.0826009405313 2458044.487 0.210926617088
G 6219.71885921 6219.281 0.734878346528 -0.0659472966907 2458044.487 0.170413271358
H 6246.68048708 6246.3188 0.694631668979 -3.81578875606 2458044.487 0.339317499314
I 6252.89318547 6252.5554 0.65602935 -4.97992401451 2458044.487 0.223260477405
J 6254.65788193 6254.2585 0.673283083309 -2.02972030209 2458044.487 0.655289735539
