Line Antares_WL Fe_WL Intensity Velocity Julian day U_vel
A 6152.18854419 6151.6181 0.578393957325 -1.8257735522 2458001.544 0.0477843367971
B 6158.30028502 6157.7284 0.716889864446 -1.7831821789 2458001.544 0.0498855725069
C 6165.95172613 6165.3603 0.85705629491 -0.866821308256 2458001.544 0.102842447654
D 6173.91861939 6173.3356 0.663598278062 -1.31253457552 2458001.544 0.0530682200242
E 6180.79159508 6180.2042 0.70113864707 -1.13161805259 2458001.544 0.0519033954855
F 6200.90893292 6200.3129 0.739332113776 -0.806152979975 2458001.544 0.114445268412
G 6219.85987918 6219.281 0.673831548619 -1.72155447598 2458001.544 0.0321900428362
H 6246.92055346 6246.3188 0.786404283375 -0.743811251215 2458001.544 0.0461362284418
I 6253.14141118 6252.5554 0.601469341105 -1.52795925744 2458001.544 0.0784389333472
J 6254.83691129 6254.2585 0.624697315308 -1.90016234536 2458001.544 0.0359916088435
