Line Antares_WL Fe_WL Intensity Velocity Julian day U_vel
A 6152.11340297 6151.6181 0.596635883628 -5.4912346784 2457630.551 0.0327306478997
B 6158.22934398 6157.7284 0.703007049387 -5.24037764016 2457630.551 0.100300337559
C 6165.88538109 6165.3603 0.850639223553 -4.09610211851 2457630.551 0.156638777787
D 6173.85009836 6173.3356 0.648352444072 -4.64338901705 2457630.551 0.0244952132034
E 6180.72262747 6180.2042 0.686689857936 -4.48044945083 2457630.551 0.0323566557854
F 6200.82373817 6200.3129 0.643821465584 -4.92927119192 2457630.551 0.031061282728
G 6219.79422981 6219.281 0.672684243594 -4.88928886404 2457630.551 0.160139251082
H 6246.84297796 6246.3188 0.733446073216 -4.47062992713 2457630.551 0.138721462277
I 6253.06217622 6252.5554 0.620406988399 -5.33068301361 2457630.551 0.033497028091
J 6254.78149146 6254.2585 0.607693951424 -4.55950272414 2457630.551 0.132460708889
