Line Antares_WL Fe_WL Intensity Velocity Julian day U_vel
A 6152.18612323 6151.6181 0.561372162856 -1.92483797177 2458002.546 0.0330056412806
B 6158.30771435 6157.7284 0.741346683991 -1.40223080351 2458002.546 0.0260511363031
C 6165.9602852 6165.3603 0.853732166639 -0.431345889128 2458002.546 0.103735173522
D 6173.92297086 6173.3356 0.667689970797 -1.0820699842 2458002.546 0.0124562086596
E 6180.79443024 6180.2042 0.70106546927 -0.974993061591 2458002.546 0.0695830227467
F 6200.91243 6200.3129 0.723121659999 -0.617948056497 2458002.546 0.161869018439
G 6219.86306679 6219.281 0.663871144904 -1.54879361572 2458002.546 0.0623903045939
H 6246.91482592 6246.3188 0.771531626183 -0.999895238424 2458002.546 0.0645857358359
I 6253.13307261 6252.5554 0.626980918155 -1.9090473977 2458002.546 0.0485651938108
J 6254.84573903 6254.2585 0.614188198627 -1.45771925087 2458002.546 0.040520696633
