Line Antares_WL Fe_WL Intensity Velocity Julian day U_vel
A 6152.06573725 6151.6181 0.592150802777 -6.13478031182 2457612.658 0.0591372112992
B 6158.16051359 6157.7284 0.702957159339 -6.91274384613 2457612.658 0.0520794133523
C 6165.83899426 6165.3603 0.843252485786 -4.67223667325 2457612.658 0.0740705355332
D 6173.79223973 6173.3356 0.636901210368 -5.77409270157 2457612.658 0.0386406033685
E 6180.6668628 6180.2042 0.669663634512 -5.50638269688 2457612.658 0.0226100261549
F 6200.77632331 6200.3129 0.69483947841 -5.54242324783 2457612.658 0.0405936666482
G 6219.76355902 6219.281 0.64977613574 -4.68775847959 2457612.658 0.105188808113
H 6246.79090717 6246.3188 0.70697983713 -5.29050088541 2457612.658 0.0362095489614
I 6253.03248545 6252.5554 0.578670575963 -5.07425743715 2457612.658 0.0565514627216
J 6254.71654027 6254.2585 0.605939078643 -5.99403708007 2457612.658 0.0441267274345
