Line Antares_WL Fe_WL Intensity Velocity Julian day U_vel
A 6152.18020845 6151.6181 0.588632323858 -1.84428826802 2458008.51 0.061461450488
B 6158.29834762 6157.7284 0.730633026461 -1.48957081203 2458008.51 0.042066357872
C 6165.95892631 6165.3603 0.845286370522 -0.128468386451 2458008.51 0.0978449675794
D 6173.92039511 6173.3356 0.668152704412 -0.838241822148 2458008.51 0.0295633507891
E 6180.79692539 6180.2042 0.707203375399 -0.484873627642 2458008.51 0.098956224007
F 6200.91129181 6200.3129 0.758134278983 -0.304018900239 2458008.51 0.123884376972
G 6219.85583493 6219.281 0.685475116952 -1.52863750154 2458008.51 0.014049167489
H 6246.916248 6246.3188 0.787076305156 -0.562595006015 2458008.51 0.144961830256
I 6253.13132939 6252.5554 0.632803644086 -1.62368733179 2458008.51 0.0584724079891
J 6254.84895006 6254.2585 0.645566587702 -0.934694677739 2458008.51 0.0405871019317
