Line Antares_WL Fe_WL Intensity Velocity Julian day U_vel
A 6151.02901599 6151.6181 0.646536426302 -1.30424698461 2457787.892 0.0727784633377
B 6157.12676904 6157.7284 0.739756055067 -1.88701796683 2457787.892 0.0263045907686
C 6164.8069918 6165.3603 0.882197639782 0.500600243319 2457787.892 0.0995430027248
D 6172.75698588 6173.3356 0.724311476023 -0.694386420218 2457787.892 0.0647071678877
E 6179.63699863 6180.2042 0.739505825895 -0.109137396973 2457787.892 0.0197794515649
F 6199.7509373 6200.3129 0.715002488774 0.233628787945 2457787.892 0.0810397824421
G 6218.70685153 6219.281 0.729026593871 -0.271249615633 2457787.892 0.0214617626624
H 6245.72590709 6246.3188 0.80196098804 -1.05163160205 2457787.892 0.0934501712976
I 6251.97591383 6252.5554 0.672361310291 -0.379967959652 2457787.892 0.152788879605
J 6253.6888687 6254.2585 0.692995954154 0.100314782566 2457787.892 0.0788529003702
