Line Antares_WL Fe_WL Intensity Velocity Julian day U_vel
A 6152.18767451 6151.6181 0.580281174985 -1.75218568953 2458002.501 0.0613904419076
B 6158.30754867 6157.7284 0.728832653566 -1.31330276103 2458002.501 0.020866707789
C 6165.94795846 6165.3603 0.860782765405 -0.934152664991 2458002.501 0.07769013402
D 6173.91875465 6173.3356 0.649011251489 -1.18996159772 2458002.501 0.0605043917396
E 6180.80386585 6180.2042 0.697081193901 -0.419969015979 2458002.501 0.0428061837392
F 6200.91854448 6200.3129 0.713326603881 -0.225100783169 2458002.501 0.046864109701
G 6219.85674915 6219.281 0.673210968261 -1.75653785865 2458002.501 0.0935382678015
H 6246.89891271 6246.3188 0.76870598496 -1.66717958981 2458002.501 0.0382798869127
I 6253.14077707 6252.5554 0.634780036022 -1.44238411626 2458002.501 0.0632474623636
J 6254.84160133 6254.2585 0.609139521529 -1.55919377586 2458002.501 0.0340014489608
