Line Antares_WL Fe_WL Intensity Velocity Julian day U_vel
C 6164.68146714 6165.3603 0.853867491952 -6.1582986549 2457109.786 0.297906355082
D 6172.66507357 6173.3356 0.657326297737 -5.71196577912 2457109.786 0.10556015481
E 6179.5433716 6180.2042 0.690961991113 -5.20498844388 2457109.786 0.0244928445296
F 6199.67306331 6200.3129 0.684364063439 -4.08527723054 2457109.786 0.155976045202
G 6218.60773933 6219.281 0.671965884605 -5.60313364709 2457109.786 0.0438135849558
H 6245.64946569 6246.3188 0.751912046343 -5.27398106285 2457109.786 0.031136965529
I 6251.86273796 6252.5554 0.624491341533 -6.36118968037 2457109.786 0.106903036356
J 6253.56988515 6254.2585 0.633462714718 -6.15800690471 2457109.786 0.0388051565578

