Line Antares_WL Fe_WL Intensity Velocity Julian day U_vel
A 6152.16674308 6151.6181 0.597053058084 -1.12496260917 2458019.494 0.0578636484861
B 6158.2721257 6157.7284 0.732085734511 -1.39108390205 2458019.494 0.0900555369386
C 6165.91647816 6165.3603 0.864288959992 -0.817951126802 2458019.494 0.217808016101
D 6173.88611212 6173.3356 0.651729035571 -1.12826100138 2458019.494 0.0583846044486
E 6180.77321636 6180.2042 0.691553350672 -0.259759482632 2458019.494 0.0378735566134
F 6200.89001797 6200.3129 0.734513274735 0.0426537379655 2458019.494 0.0355518437631
G 6219.84101134 6219.281 0.660777524338 -0.867683930762 2458019.494 0.133349684845
H 6246.88443455 6246.3188 0.761995645794 -0.714540749602 2458019.494 0.0541742407451
I 6253.1120343 6252.5554 0.626556889002 -1.17347331659 2458019.494 0.0810596677955
J 6254.83190881 6254.2585 0.650106877745 -0.3761180136 2458019.494 0.0853656372368
