Line Antares_WL Fe_WL Intensity Velocity Julian day U_vel
A 6152.02809289 6151.6181 0.54388624519 -2.9116075581 2458039.498 0.0484127370781
B 6158.20226522 6157.7284 0.682857187405 0.180365267755 2458039.498 0.383646255002
C 6165.803674 6165.3603 0.874193343482 -1.33188351111 2458039.498 0.0876222609462
D 6173.75212314 6173.3356 0.687501095715 -2.66460236481 2458039.498 0.127935591885
E 6180.65244915 6180.2042 0.684454501376 -1.147051712 2458039.498 0.10599515634
F 6200.79406224 6200.3129 0.752042806585 0.374868789442 2458039.498 0.186648958502
G 6219.72061112 6219.281 0.674485732907 -1.70044004358 2458039.498 0.0304930368512
H 6246.74909182 6246.3188 0.765121483269 -2.23982021449 2458039.498 0.187790282078
I 6252.99957369 6252.5554 0.634775238053 -1.59437650614 2458039.498 0.0553832160808
J 6254.67872568 6254.2585 0.654722517677 -2.74890140683 2458039.498 0.0444276459364
