Line Antares_WL Fe_WL Intensity Velocity Julian day U_vel
A 6151.98185039 6151.6181 0.588125552318 -6.1747459258 2457596.556 0.019022109146
B 6158.08827912 6157.7284 0.722042633666 -6.38095377754 2457596.556 0.0861320401353
C 6165.73227133 6165.3603 0.858522688002 -5.81426298665 2457596.556 0.012386421142
D 6173.71324542 6173.3356 0.638130739099 -5.56190745064 2457596.556 0.0341108105183
E 6180.57873257 6180.2042 0.690023680546 -5.73340799815 2457596.556 0.0456163057714
F 6200.68254909 6200.3129 0.679299948763 -6.02865632577 2457596.556 0.0511390015474
G 6219.65278777 6219.281 0.63290634337 -5.98004094869 2457596.556 0.0508872013442
H 6246.6899665 6246.3188 0.713270929495 -6.08750838148 2457596.556 0.0223706815617
I 6252.92014112 6252.5554 0.586653937522 -6.41358172297 2457596.556 0.0637199100734
J 6254.62466046 6254.2585 0.60240538862 -6.35026536018 2457596.556 0.0249195030962
