Line Antares_WL Fe_WL Intensity Velocity Julian day U_vel
A 6152.10478055 6151.6181 0.582032107543 -5.22772996077 2457647.588 0.0218962544546
B 6158.20790051 6157.7284 0.686339155001 -5.60108781569 2457647.588 0.0698268868764
C 6165.8645835 6165.3603 0.848659412393 -4.42409092433 2457647.588 0.116036898632
D 6173.83512762 6173.3356 0.630665156006 -4.68690849323 2457647.588 0.0251391144706
E 6180.71133146 6180.2042 0.68867989998 -4.34478113019 2457647.588 0.0167300135209
F 6200.83998816 6200.3129 0.694303802845 -3.45902117546 2457647.588 0.102083153902
G 6219.78109954 6219.281 0.644260893875 -4.83865509108 2457647.588 0.0312683952008
H 6246.81854607 6246.3188 0.713274035846 -4.96005148686 2457647.588 0.0347418939716
I 6253.06133397 6252.5554 0.632193155289 -4.68709468009 2457647.588 0.130126614063
J 6254.75926618 6254.2585 0.618042099742 -4.94159003697 2457647.588 0.0424749209651
