Line Antares_WL Fe_WL Intensity Velocity Julian day U_vel
A 6151.02966477 6151.6181 0.647440624556 -1.29860742162 2457787.908 0.0419601146197
B 6157.13379393 6157.7284 0.74555547313 -1.5707705701 2457787.908 0.024851266477
C 6164.7978638 6165.3603 0.890003785057 0.0304411608436 2457787.908 0.242927172475
D 6172.75065334 6173.3356 0.726738986122 -1.02812292555 2457787.908 0.0517190228261
E 6179.63352073 6180.2042 0.749665974372 -0.303961622237 2457787.908 0.0270216017515
F 6199.75953868 6200.3129 0.735683517825 0.623803367846 2457787.908 0.0604226560842
G 6218.70031984 6219.281 0.734242255268 -0.612319280801 2457787.908 0.0659181187393
H 6245.73651429 6246.3188 0.811167082152 -0.568185945301 2457787.908 0.0673886639026
I 6251.97086173 6252.5554 0.673181314123 -0.648369633758 2457787.908 0.0787909531075
J 6253.67218607 6254.2585 0.68979906044 -0.725906096836 2457787.908 0.0360475918029
