Line Antares_WL Fe_WL Intensity Velocity Julian day U_vel
A 6152.15609749 6151.6181 0.64460864684 -0.938123050448 2458023.525 0.0682524476402
B 6158.22389045 6157.7284 0.755220035345 -3.03506971193 2458023.525 0.227577227593
C 6165.94136142 6165.3603 0.86384033643 1.09884264579 2458023.525 0.608052978731
D 6173.88444391 6173.3356 0.719751502782 -0.503329630007 2458023.525 0.12136070031
E 6180.73584697 6180.2042 0.731738006775 -1.36774734293 2458023.525 0.0701654370587
F 6200.88866954 6200.3129 0.770717184854 0.68341040187 2458023.525 0.099723853238
G 6219.85096979 6219.281 0.748006842842 0.318682348259 2458023.525 0.217981639685
H 6246.86531609 6246.3188 0.821706570707 -0.926767498984 2458023.525 0.349122975917
I 6253.07121614 6252.5554 0.674233412067 -2.42594439821 2458023.525 0.109418777592
J 6254.80724126 6254.2585 0.702180184461 -0.853354166501 2458023.525 0.0336563618027
