Line Antares_WL Fe_WL Intensity Velocity Julian day U_vel
A 6152.16494216 6151.6181 0.667879832199 -0.551789458732 2458023.569 0.017316452426
B 6158.23884019 6157.7284 0.756805392274 -2.35172903151 2458023.569 0.271563705852
D 6173.88602755 6173.3356 0.71706851827 -0.471370709342 2458023.569 0.209475195969
E 6180.74895099 6180.2042 0.725417444323 -0.776650981504 2458023.569 0.122907050128
F 6200.8554299 6200.3129 0.776158461108 -0.969877809354 2458023.569 0.0494757001535
G 6219.85896062 6219.281 0.73915872396 0.659136675085 2458023.569 0.175775477896
H 6246.86846423 6246.3188 0.810609455931 -0.820568008979 2458023.569 0.219694746275
I 6253.11458612 6252.5554 0.670902779823 -0.390036018146 2458023.569 0.0536687181261
J 6254.80150719 6254.2585 0.662035810719 -1.17340175112 2458023.569 0.185031676909
