Line Antares_WL Fe_WL Intensity Velocity Julian day U_vel
A 6152.10033763 6151.6181 0.585295292262 -5.87640084255 2457627.504 0.0706235869354
B 6158.21836653 6157.7284 0.708762106534 -5.52319114233 2457627.504 0.189692395234
C 6165.8827969 6165.3603 0.864215959094 -3.96984576444 2457627.504 0.39681926677
D 6173.83423562 6173.3356 0.638514990782 -5.162256545 2457627.504 0.0562916497737
E 6180.7110782 6180.2042 0.696770184434 -4.78907525029 2457627.504 0.0211273545648
F 6200.82202194 6200.3129 0.696376147058 -4.76031044552 2457627.504 0.129361493245
G 6219.78296575 6219.281 0.656083343687 -5.18063411845 2457627.504 0.138030348389
H 6246.82296605 6246.3188 0.721933911471 -5.17976752867 2457627.504 0.0106544263986
I 6253.05943521 6252.5554 0.573463799088 -5.21019784932 2457627.504 0.0917788135039
J 6254.74986993 6254.2585 0.587426188257 -5.82430259613 2457627.504 0.0745434836542
