Line Antares_WL Fe_WL Intensity Velocity Julian day U_vel
A 6152.15136303 6151.6181 0.601315371543 -1.99201163168 2458019.585 0.190224200535
B 6158.27403196 6157.7284 0.759825873353 -1.4152123096 2458019.585 0.12198740361
C 6165.94727357 6165.3603 0.830435382273 0.563521315141 2458019.585 0.508044811016
D 6173.88982416 6173.3356 0.666483921319 -1.06487042889 2458019.585 0.183090704137
E 6180.71526703 6180.2042 0.691806032882 -3.1897404709 2458019.585 0.456293698212
F 6200.89202718 6200.3129 0.775907769963 0.0228688911168 2458019.585 0.530835054301
G 6219.82953211 6219.281 0.699511345499 -1.53840864168 2458019.585 0.0985057492876
H 6246.83940625 6246.3188 0.754912094023 -2.99417315316 2458019.585 0.145938071838
I 6253.14704931 6252.5554 0.583881188309 0.389559993164 2458019.585 0.168860279502
J 6254.80883743 6254.2585 0.630895752215 -1.59979014971 2458019.585 0.221914222462
