Line Antares_WL Fe_WL Intensity Velocity Julian day U_vel
A 6152.11035232 6151.6181 0.586957561755 -5.46100776981 2457640.523 0.0246751394483
B 6158.22793162 6157.7284 0.720157760441 -5.13018678701 2457640.523 0.0329116752354
C 6165.88454256 6165.3603 0.849626977608 -3.95790409896 2457640.523 0.0604156012116
D 6173.8463838 6173.3356 0.641156572485 -4.64490214189 2457640.523 0.0874358593889
E 6180.72350403 6180.2042 0.695670651942 -4.25889962259 2457640.523 0.0551468340783
F 6200.8383194 6200.3129 0.689311460472 -4.04476348899 2457640.523 0.0665427274696
G 6219.79555091 6219.281 0.655148093715 -4.64656290469 2457640.523 0.039096093472
H 6246.84245008 6246.3188 0.7394341647 -4.31698309361 2457640.523 0.0500837167389
I 6253.07697396 6252.5554 0.617749102236 -4.44168207464 2457640.523 0.0299412255076
J 6254.77193257 6254.2585 0.616160936513 -4.83901726525 2457640.523 0.062463753824
