Line Antares_WL Fe_WL Intensity Velocity Julian day U_vel
A 6151.14197651 6151.6181 0.579905160647 -5.79942677925 2457137.789 0.0386209486368
B 6157.25288255 6157.7284 0.724464508216 -5.74686060161 2457137.789 0.0560326546982
C 6164.93292686 6165.3603 0.831349596673 -3.37553129211 2457137.789 0.0935601413932
D 6172.86762604 6173.3356 0.655747622358 -5.32170699458 2457137.789 0.029633372487
E 6179.74721917 6180.2042 0.702838735608 -4.76280250503 2457137.789 0.0405139930555
F 6199.85956172 6200.3129 0.713383141567 -4.51461626747 2457137.789 0.19373721842
G 6218.81801993 6219.281 0.682011044827 -4.91281023123 2457137.789 0.0867853268283
H 6245.84730772 6246.3188 0.766169868532 -5.22496703871 2457137.789 0.0803864969739
I 6252.08290763 6252.5554 0.628062873892 -5.25036444782 2457137.789 0.077843823967
J 6253.76942888 6254.2585 0.615305053546 -6.03942923399 2457137.789 0.0320637875471

