Line Antares_WL Fe_WL Intensity Velocity Julian day U_vel
A 6151.97916649 6151.6181 0.5896500691 -6.26063314713 2457596.54 0.0326416332567
B 6158.08913358 6157.7284 0.708881102815 -6.29432511773 2457596.54 0.0542440300928
C 6165.74352269 6165.3603 0.830037285847 -5.2217836917 2457596.54 0.312000069365
D 6173.70736191 6173.3356 0.633018023505 -5.80282296063 2457596.54 0.0260331432411
E 6180.57601555 6180.2042 0.677207662688 -5.82029805998 2457596.54 0.0319176881903
F 6200.68190501 6200.3129 0.684663434023 -6.0148199968 2457596.54 0.046375811678
G 6219.64874038 6219.281 0.629090094008 -6.13027507709 2457596.54 0.0181821354577
H 6246.67492845 6246.3188 0.713530116667 -6.76476010801 2457596.54 0.0710334813921
I 6252.91700908 6252.5554 0.58495512845 -6.51885820305 2457596.54 0.0518774981245
J 6254.62345162 6254.2585 0.601765808251 -6.36324976496 2457596.54 0.0314846881525
