Line Antares_WL Fe_WL Intensity Velocity Julian day U_vel
A 6152.09397567 6151.6181 0.582675492869 -5.65065850487 2457647.516 0.0380089358758
B 6158.20391926 6157.7284 0.700428300752 -5.69105120686 2457647.516 0.0743892275316
C 6165.862096 6165.3603 0.841618622404 -4.44113025902 2457647.516 0.0476398779455
D 6173.81465495 6173.3356 0.635860491124 -5.57780036563 2457647.516 0.0859782121087
E 6180.69688504 6180.2042 0.694330435452 -4.94204086565 2457647.516 0.0324354702494
F 6200.8307158 6200.3129 0.650939331541 -3.80366108478 2457647.516 0.123805404349
G 6219.77486405 6219.281 0.643136158267 -5.0354368625 2457647.516 0.0316306895285
H 6246.803724 6246.3188 0.724487474904 -5.56793052647 2457647.516 0.121992523414
I 6253.06380378 6252.5554 0.616416447091 -4.46459210836 2457647.516 0.0220416998702
J 6254.75199696 6254.2585 0.624097247779 -5.18627507644 2457647.516 0.075038406158
