Line Antares_WL Fe_WL Intensity Velocity Julian day U_vel
A 6152.0969885 6151.6181 0.585698531769 -5.52873022002 2457647.53 0.0540368251074
B 6158.20312261 6157.7284 0.708569918841 -5.75486334865 2457647.53 0.0260710194391
C 6165.87302345 6165.3603 0.840654557784 -3.93441160191 2457647.53 0.0453893768297
D 6173.82897953 6173.3356 0.637268043638 -4.90668166125 2457647.53 0.0419785372402
E 6180.71139739 6180.2042 0.689685300676 -4.26258096403 2457647.53 0.025188155152
F 6200.82680193 6200.3129 0.633424139529 -4.01803240623 2457647.53 0.0968020956328
G 6219.7820709 6219.281 0.650712985384 -4.71279911042 2457647.53 0.0519507485303
H 6246.81553589 6246.3188 0.71657998093 -5.02562543182 2457647.53 0.1332013634
I 6253.06433353 6252.5554 0.612007247995 -4.46417450898 2457647.53 0.0118669690106
J 6254.75754307 6254.2585 0.606949346682 -4.94524310377 2457647.53 0.0660779134281
