Line Antares_WL Fe_WL Intensity Velocity Julian day U_vel
A 6151.44455463 6151.6181 0.6007884803 -3.67240109136 2457165.623 0.170202659948
B 6157.5365678 6157.7284 0.709777526833 -4.55492365407 2457165.623 0.189362597169
C 6165.22140275 6165.3603 0.830478118675 -1.96759513309 2457165.623 0.0532749472055
D 6173.16597267 6173.3356 0.716270666982 -3.45222571309 2457165.623 0.10305332791
E 6180.05690573 6180.2042 0.75966217632 -2.3589711348 2457165.623 0.0636895651415
F 6200.19766854 6200.3129 0.819288996578 -0.784434369368 2457165.623 0.33216252766
G 6219.11264229 6219.281 0.717058215607 -3.33008561982 2457165.623 0.137783334289
H 6246.17707517 6246.3188 0.766382875757 -2.01580109199 2457165.623 0.136643439535
I 6252.44328414 6252.5554 0.645911565718 -0.588362072482 2457165.623 0.125385159964
J 6254.14154273 6254.2585 0.705939966721 -0.819126441588 2457165.623 0.294975483408
