Line Antares_WL Fe_WL Intensity Velocity Julian day U_vel
A 6152.15714423 6151.6181 0.582178360781 -2.26107592778 2458015.523 0.0278998416179
B 6158.28042379 6157.7284 0.73361278951 -1.65480680682 2458015.523 0.102162707626
C 6165.94648906 6165.3603 0.830357029872 -0.0256519547329 2458015.523 0.304856482433
D 6173.91379225 6173.3356 0.617214913429 -0.451114955879 2458015.523 0.0332939837714
E 6180.78661378 6180.2042 0.692231062241 -0.277420707735 2458015.523 0.127501124727
F 6200.91041659 6200.3129 0.764150730061 0.361633995179 2458015.523 0.150834269961
G 6219.85006552 6219.281 0.683487689121 -1.09893704139 2458015.523 0.0535301129642
H 6246.87369111 6246.3188 0.744630267702 -1.89852968542 2458015.523 0.17817793324
I 6253.11142632 6252.5554 0.595096242691 -1.8706445678 2458015.523 0.0475161660711
J 6254.81866693 6254.2585 0.644302228744 -1.67929552508 2458015.523 0.101658713039
