Line Antares_WL Fe_WL Intensity Velocity Julian day U_vel
A 6152.14075792 6151.6181 0.603776420224 -1.84819787273 2458022.499 0.0539500506328
B 6158.24474695 6157.7284 0.734314532091 -2.18095625236 2458022.499 0.0374234958715
C 6165.89033422 6165.3603 0.863089733304 -1.54608770503 2458022.499 0.123953606671
D 6173.8683687 6173.3356 0.642694173297 -1.44652204545 2458022.499 0.0875994173796
E 6180.75005328 6180.2042 0.706311391129 -0.840143613358 2458022.499 0.134343946325
F 6200.857484 6200.3129 0.699456373396 -0.987490994904 2458022.499 0.0836393311283
G 6219.80995812 6219.281 0.685460878362 -1.82160084436 2458022.499 0.0717885308327
H 6246.85295904 6246.3188 0.779295047382 -1.68225583426 2458022.499 0.106831041169
I 6253.09257776 6252.5554 0.635546185806 -1.56300560942 2458022.499 0.0350177401448
J 6254.78663729 6254.2585 0.651610648628 -2.00367107228 2458022.499 0.0364193541394
