Line Antares_WL Fe_WL Intensity Velocity Julian day U_vel
A 6152.01462642 6151.6181 0.576250803772 -6.47533580808 2457603.55 0.0753111905904
B 6158.12347168 6157.7284 0.683308216652 -6.56539837919 2457603.55 0.0990448950946
D 6173.75643674 6173.3356 0.610786235764 -5.36197794761 2457603.55 0.0909739030206
E 6180.60685138 6180.2042 0.642333493886 -6.26746235745 2457603.55 0.125927216439
F 6200.71662783 6200.3129 0.735344174387 -6.27876804947 2457603.55 0.0751724321298
G 6219.68851053 6219.281 0.625283075041 -6.15587918641 2457603.55 0.301017906505
H 6246.74548307 6246.3188 0.716501535953 -5.32014235407 2457603.55 0.298134873968
I 6252.9688747 6252.5554 0.562443682565 -5.97432565929 2457603.55 0.0930678713544
J 6254.67695277 6254.2585 0.603782356593 -5.74094349834 2457603.55 0.154191745187
