Line Antares_WL Fe_WL Intensity Velocity Julian day U_vel
A 6152.16886489 6151.6181 0.587007060669 -1.74148666707 2458015.559 0.0202641316307
B 6158.2949483 6157.7284 0.728670379104 -0.999183303875 2458015.559 0.0510032901997
C 6165.93708304 6165.3603 0.857519836005 -0.535338818445 2458015.559 0.303879752397
D 6173.90820151 6173.3356 0.655368338607 -0.774803150484 2458015.559 0.0476693814058
E 6180.77592398 6180.2042 0.705287202642 -0.848325971924 2458015.559 0.0620552435929
F 6200.91525108 6200.3129 0.736515274641 0.543548933086 2458015.559 0.153351849862
G 6219.84934002 6219.281 0.691833661735 -1.18593288852 2458015.559 0.100358144451
H 6246.90625572 6246.3188 0.766429677166 -0.386507208383 2458015.559 0.0332461642017
I 6253.13131987 6252.5554 0.64832990381 -0.968144367001 2458015.559 0.130775243909
J 6254.8379274 6254.2585 0.644682384451 -0.807422002065 2458015.559 0.0451141703915
