Line Antares_WL Fe_WL Intensity Velocity Julian day U_vel
A 6152.08850631 6151.6181 0.661843909972 -5.04638644688 2457612.672 0.160716901971
B 6158.18430784 6157.7284 0.69201568029 -5.77550515672 2457612.672 0.113899756629
C 6165.84531572 6165.3603 0.815544702567 -4.38664085802 2457612.672 0.190215918159
D 6173.79378699 6173.3356 0.644293536365 -5.72090183583 2457612.672 0.0164860807049
E 6180.65554128 6180.2042 0.699810083764 -6.07795303071 2457612.672 0.0579303877416
F 6200.77378152 6200.3129 0.691312179839 -5.68740659254 2457612.672 0.043192592125
G 6219.74413693 6219.281 0.643798287679 -5.64662339183 2457612.672 0.0367769101493
H 6246.76727778 6246.3188 0.689847041306 -6.44737998279 2457612.672 0.0591434330983
I 6253.02192791 6252.5554 0.585470988322 -5.60281261323 2457612.672 0.0605602578899
J 6254.71336943 6254.2585 0.59736776887 -6.16813390272 2457612.672 0.0699910083697
