Line Antares_WL Fe_WL Intensity Velocity Julian day U_vel
A 6152.02686667 6151.6181 0.517346536932 -2.63140734718 2458040.484 0.218568270554
B 6158.15746431 6157.7284 0.680351895884 -1.66230229032 2458040.484 0.127273112134
C 6165.72521456 6165.3603 0.894266003986 -4.80963825068 2458040.484 0.240456001555
D 6173.76805079 6173.3356 0.633369277031 -1.55058031664 2458040.484 0.139819158969
E 6180.61313926 6180.2042 0.694089190285 -2.71523534278 2458040.484 0.359751334761
F 6200.78617446 6200.3129 0.769377829454 0.333221653764 2458040.484 0.725367078698
G 6219.68254642 6219.281 0.677550210818 -3.19657041656 2458040.484 0.525275172435
H 6246.73743913 6246.3188 0.803891653231 -2.45947905791 2458040.484 0.306062830847
I 6252.99115653 6252.5554 0.629361554602 -1.65823490678 2458040.484 0.122461514652
J 6254.6586048 6254.2585 0.607414361599 -3.37404638912 2458040.484 0.0109952208966
