Line Antares_WL Fe_WL Intensity Velocity Julian day U_vel
A 6152.16174228 6151.6181 0.595888066137 -1.47483993794 2458019.57 0.10441831996
B 6158.26540478 6157.7284 0.725226716399 -1.82452182479 2458019.57 0.144354062026
D 6173.88823528 6173.3356 0.673340379321 -1.13108396269 2458019.57 0.0488496114224
E 6180.76720224 6180.2042 0.690272557872 -0.657697017003 2458019.57 0.174417801222
F 6200.89346618 6200.3129 0.751979345793 0.103494498891 2458019.57 0.348721303689
G 6219.8650399 6219.281 0.621640227665 0.185383483883 2458019.57 0.0609726048282
H 6246.88349479 6246.3188 0.791041834702 -0.865675715103 2458019.57 0.0676504460913
I 6253.12086513 6252.5554 0.648103278287 -0.855766748737 2458019.57 0.108019021297
J 6254.83774846 6254.2585 0.632359939822 -0.202005477689 2458019.57 0.260465018395
