Line Antares_WL Fe_WL Intensity Velocity Julian day U_vel
A 6151.61734108 6151.6181 0.59747802367 -5.53601092032 2457186.55 0.0179317583299
B 6157.72005276 6157.7284 0.711392271691 -5.90567162292 2457186.55 0.014768007483
C 6165.37509032 6165.3603 0.830558707941 -4.77931859575 2457186.55 0.109537796238
D 6173.3667106 6173.3356 0.632832269336 -3.98714647295 2457186.55 0.0388764184155
E 6180.22983503 6180.2042 0.705139301922 -4.25462195046 2457186.55 0.0465862375935
F 6200.35145639 6200.3129 0.689269070919 -3.63346243601 2457186.55 0.0945179321039
G 6219.29984919 6219.281 0.673448078947 -4.58976991763 2457186.55 0.0405908687656
H 6246.32900289 6246.3188 0.740490465235 -5.00897266969 2457186.55 0.0834739310051
I 6252.58704689 6252.5554 0.633872521016 -3.98057004922 2457186.55 0.0516916047331
J 6254.27167591 6254.2585 0.640339503368 -4.86698678144 2457186.55 0.0158308235711
