Line Antares_WL Fe_WL Intensity Velocity Julian day U_vel
A 6152.16695491 6151.6181 0.590785714428 -1.18963201313 2458019.541 0.0797899559715
B 6158.27227404 6157.7284 0.74965585038 -1.45885689429 2458019.541 0.0818639529428
C 6165.91938064 6165.3603 0.842641508522 -0.751719186257 2458019.541 0.256784626762
D 6173.89457602 6173.3356 0.667129782871 -0.791948550092 2458019.541 0.113510638287
E 6180.76821299 6180.2042 0.696132723416 -0.577633037831 2458019.541 0.0517257396999
F 6200.87836554 6200.3129 0.768391847382 -0.596145033141 2458019.541 0.179123368051
G 6219.83153169 6219.281 0.67681324976 -1.39995484601 2458019.541 0.0119722520239
H 6246.87320574 6246.3188 0.767172888782 -1.32884150773 2458019.541 0.119919869156
I 6253.11903346 6252.5554 0.64738272578 -0.912650736414 2458019.541 0.0353321441716
J 6254.82295878 6254.2585 0.614917375101 -0.880426966939 2458019.541 0.017304895685
