Line Antares_WL Fe_WL Intensity Velocity Julian day U_vel
A 6152.16491568 6151.6181 0.612643437112 -1.38208067513 2458018.495 0.127292328955
B 6158.24271352 6157.7284 0.749053443789 -2.99202331058 2458018.495 0.267543139138
D 6173.93413282 6173.3356 0.633156470591 1.03735760854 2458018.495 0.241162401621
E 6180.78141705 6180.2042 0.675396501258 -0.0296805632356 2458018.495 0.351535919569
F 6200.83998717 6200.3129 0.771586459469 -2.54606895589 2458018.495 0.499092240991
G 6219.83359176 6219.281 0.683563623179 -1.3935831822 2458018.495 0.515611234538
H 6246.82528865 6246.3188 0.780524044354 -3.7232171798 2458018.495 0.155349096084
I 6253.09519174 6252.5554 0.59570476691 -2.14958560803 2458018.495 0.167794065827
J 6254.86318281 6254.2585 0.606945850908 0.956012086377 2458018.495 0.644861088776
