Line Antares_WL Fe_WL Intensity Velocity Julian day U_vel
A 6151.9882666 6151.6181 0.585143131228 -5.94684223177 2457596.585 0.071513334817
B 6158.09591231 6157.7284 0.702747048474 -6.09407070116 2457596.585 0.048846685728
C 6165.73903652 6165.3603 0.862434264932 -5.57007585932 2457596.585 0.0958157342598
D 6173.71254582 6173.3356 0.638226222874 -5.68090514296 2457596.585 0.0376664151243
E 6180.58284517 6180.2042 0.678077189187 -5.61877374239 2457596.585 0.0491651647611
F 6200.68694132 6200.3129 0.674437432803 -5.90113990747 2457596.585 0.0763295918978
G 6219.64892326 6219.281 0.63438491528 -6.25145375271 2457596.585 0.064500747408
H 6246.70224418 6246.3188 0.717661666548 -5.58283254304 2457596.585 0.0383218790026
I 6252.92297104 6252.5554 0.583775364364 -6.36280076681 2457596.585 0.0600357965469
J 6254.62373538 6254.2585 0.59929564066 -6.47963868511 2457596.585 0.0470091434114
