Line Antares_WL Fe_WL Intensity Velocity Julian day U_vel
A 6152.10675726 6151.6181 0.590628227895 -5.11633045445 2457647.574 0.0351456779774
B 6158.20736704 6157.7284 0.697812295072 -5.61207816975 2457647.574 0.0515096455006
C 6165.86872954 6165.3603 0.83050849912 -4.20734899852 2457647.574 0.0449506089937
D 6173.83781224 6173.3356 0.634486669301 -4.54144648677 2457647.574 0.0440695547863
E 6180.71173842 6180.2042 0.692293646388 -4.31002670099 2457647.574 0.0565304415321
F 6200.83829844 6200.3129 0.685982435361 -3.5257776881 2457647.574 0.133634362946
G 6219.78530416 6219.281 0.643194217754 -4.62083608418 2457647.574 0.0145121709644
H 6246.81172852 6246.3188 0.707734149114 -5.27248685617 2457647.574 0.134071573756
I 6253.06231933 6252.5554 0.59836252813 -4.624816844 2457647.574 0.0476003106597
J 6254.75896308 6254.2585 0.63352187318 -4.94112881958 2457647.574 0.0360752657126
