Line Antares_WL Fe_WL Intensity Velocity Julian day U_vel
A 6151.0125133 6151.6181 0.642420472783 -1.92904455304 2457788.911 0.0329506617724
B 6157.11362441 6157.7284 0.744059829081 -2.34741458348 2457788.911 0.0842851302418
C 6164.78204208 6165.3603 0.871826839379 -0.533426983121 2457788.911 0.0705225002004
D 6172.74194621 6173.3356 0.704024756372 -1.24525545704 2457788.911 0.033896659245
E 6179.62713076 6180.2042 0.732891568419 -0.408144412611 2457788.911 0.0326805823048
F 6199.73812732 6200.3129 0.777034654883 -0.206177574015 2457788.911 0.117306480701
G 6218.68507497 6219.281 0.712588324693 -1.14168751901 2457788.911 0.0361921785312
H 6245.71429283 6246.3188 0.786810841766 -1.42944480008 2457788.911 0.0573873108669
I 6251.95371739 6252.5554 0.669201283161 -1.2649620163 2457788.911 0.0639818394966
J 6253.66602326 6254.2585 0.650402708756 -0.815519520358 2457788.911 0.0392413983887
