Line Antares_WL Fe_WL Intensity Velocity Julian day U_vel
A 6152.17122233 6151.6181 0.582052028158 -0.961519931601 2458019.527 0.022429908075
B 6158.26840035 6157.7284 0.728759054794 -1.62757989596 2458019.527 0.0416039044148
C 6165.92124031 6165.3603 0.863094603625 -0.641229504193 2458019.527 0.10575774883
D 6173.89879927 6173.3356 0.667742826949 -0.566714959415 2458019.527 0.0340489394754
E 6180.7723175 6180.2042 0.705496537998 -0.35839200889 2458019.527 0.0670389484241
F 6200.88001872 6200.3129 0.698384630104 -0.496156574787 2458019.527 0.202926867279
G 6219.83431494 6219.281 0.680142086995 -1.24569889537 2458019.527 0.0491234356308
H 6246.87397063 6246.3188 0.778325159581 -1.2721047373 2458019.527 0.0707220764364
I 6253.11540497 6252.5554 0.636789222692 -1.06674728418 2458019.527 0.0182028896292
J 6254.8173413 6254.2585 0.595933691089 -1.12988231642 2458019.527 0.0461498277234
