Line Antares_WL Fe_WL Intensity Velocity Julian day U_vel
A 6152.18766148 6151.6181 0.580718756365 -1.89782116153 2458001.559 0.0551277642306
B 6158.30417946 6157.7284 0.716114476704 -1.62244790924 2458001.559 0.106334299804
C 6165.95369589 6165.3603 0.856152604423 -0.799974835248 2458001.559 0.131886514342
D 6173.93029484 6173.3356 0.657613652846 -0.774153552828 2458001.559 0.104180075928
E 6180.80185526 6180.2042 0.709892845422 -0.662567111124 2458001.559 0.0185234942225
F 6200.90499477 6200.3129 0.735316885958 -1.0256990415 2458001.559 0.0566411275591
G 6219.86173815 6219.281 0.67453954821 -1.6608832052 2458001.559 0.0728134758227
H 6246.92195119 6246.3188 0.759734129223 -0.705680802251 2458001.559 0.045942084147
I 6253.13740211 6252.5554 0.643330084382 -1.74931600062 2458001.559 0.0776406060015
J 6254.83551234 6254.2585 0.639846294464 -1.99626629332 2458001.559 0.0379288906548
