Line Antares_WL Fe_WL Intensity Velocity Julian day U_vel
A 6152.15975344 6151.6181 0.584969123041 -2.10183077111 2458015.505 0.104820255698
B 6158.285814 6157.7284 0.735888163217 -1.36019959178 2458015.505 0.153054483373
C 6165.92274056 6165.3603 0.866206647358 -1.14922897915 2458015.505 0.363595126722
D 6173.90137233 6173.3356 0.681514386599 -1.02267432047 2458015.505 0.029240872126
E 6180.76536127 6180.2042 0.686814514763 -1.27706184137 2458015.505 0.0601370055901
F 6200.89597512 6200.3129 0.712403553763 -0.305111693694 2458015.505 0.044281810684
G 6219.84769588 6219.281 0.657609501331 -1.18124164431 2458015.505 0.0978597530713
H 6246.90647304 6246.3188 0.755991231333 -0.292069624461 2458015.505 0.0618254383127
I 6253.10751416 6252.5554 0.637493535988 -2.02635162343 2458015.505 0.132348846442
J 6254.81474015 6254.2585 0.634298187141 -1.83565216955 2458015.505 0.0579917034542
