Line Antares_WL Fe_WL Intensity Velocity Julian day U_vel
A 6151.01901272 6151.6181 0.639238079934 -1.53608272845 2457788.863 0.0396544467391
B 6157.11512812 6157.7284 0.763013828212 -2.1981549439 2457788.863 0.073078059377
C 6164.79276334 6165.3603 0.865627299164 0.0642580273789 2457788.863 0.0524405559888
D 6172.75086228 6173.3356 0.699126213986 -0.735969320003 2457788.863 0.0309322656001
E 6179.63378393 6180.2042 0.727055835973 -0.00918556228402 2457788.863 0.0405525444846
F 6199.73325592 6200.3129 0.77271691323 -0.365878834908 2457788.863 0.0759056702697
G 6218.69645307 6219.281 0.707227804112 -0.516841001913 2457788.863 0.027214275126
H 6245.74395147 6246.3188 0.796237324839 0.0710090404033 2457788.863 0.10231304846
I 6251.96120228 6252.5554 0.646952609945 -0.829833746475 2457788.863 0.0367669513933
J 6253.6608321 6254.2585 0.671621465122 -0.988525388825 2457788.863 0.0347538121899
