Line Antares_WL Fe_WL Intensity Velocity Julian day U_vel
A 6152.24418788 6151.6181 0.659983698624 1.01083905036 2457640.552 0.268887700985
B 6158.2265435 6157.7284 0.673890798988 -5.25281481919 2457640.552 0.073098221201
C 6165.83723804 6165.3603 0.708206027846 -6.31469249317 2457640.552 0.104138031672
D 6173.83312164 6173.3356 0.615291751517 -5.34439145653 2457640.552 0.0777871374974
E 6180.73791467 6180.2042 0.762761749967 -3.61437684806 2457640.552 0.0935050261279
F 6200.83588521 6200.3129 0.726146640468 -4.21754102035 2457640.552 0.202674300281
G 6219.76780739 6219.281 0.650267311263 -6.03982946543 2457640.552 0.0596771676018
H 6246.85084121 6246.3188 0.724575225792 -3.96897161121 2457640.552 0.0945411533816
I 6253.08193496 6252.5554 0.608821232904 -4.25865141219 2457640.552 0.107656287687
J 6254.76970161 6254.2585 0.62579993679 -5.00103029059 2457640.552 0.0523456250176
