Line Antares_WL Fe_WL Intensity Velocity Julian day U_vel
A 6151.43559487 6151.6181 0.514586161435 -4.24934756784 2457165.674 0.159726393908
B 6157.53302639 6157.7284 0.718866590141 -4.86745838252 2457165.674 0.0588801293603
C 6165.18032967 6165.3603 0.892905900856 -4.10616850887 2457165.674 0.222992872599
D 6173.15921042 6173.3356 0.674681186926 -3.92084476756 2457165.674 0.0808348426644
E 6180.00197648 6180.2042 0.717037170609 -5.16535158529 2457165.674 0.186899853813
F 6200.18272067 6200.3129 0.689994179316 -1.64768209359 2457165.674 0.287555294033
G 6219.12273481 6219.281 0.653614679449 -2.98325176458 2457165.674 0.141212520302
H 6246.10878431 6246.3188 0.726272601352 -5.43569417851 2457165.674 0.229202032666
I 6252.40888312 6252.5554 0.663508149852 -2.3789358082 2457165.674 0.329593653239
J 6254.08976574 6254.2585 0.667903622075 -3.44272955608 2457165.674 0.120873082242
