Line Antares_WL Fe_WL Intensity Velocity Julian day U_vel
A 6152.01427461 6151.6181 0.573653611521 -6.53549276757 2457603.565 0.0716589795319
B 6158.1204471 6157.7284 0.681620173564 -6.7557534038 2457603.565 0.0259648970044
C 6165.79202422 6165.3603 0.809560944152 -4.84874979368 2457603.565 0.146391676426
D 6173.75073298 6173.3356 0.609818729088 -5.68215833349 2457603.565 0.0591844553002
E 6180.64580606 6180.2042 0.683639176349 -4.41952099313 2457603.565 0.0950573737504
F 6200.73528323 6200.3129 0.632620935174 -5.4191330203 2457603.565 0.053108045376
G 6219.69148521 6219.281 0.641248400591 -6.05538898997 2457603.565 0.0727147453324
H 6246.74211973 6246.3188 0.701208094121 -5.52467799425 2457603.565 0.0605539644158
I 6252.97283231 6252.5554 0.582439617667 -5.82743795132 2457603.565 0.0730074087206
J 6254.67063641 6254.2585 0.604365836949 -6.0869221854 2457603.565 0.0205925863143
