Line Antares_WL Fe_WL Intensity Velocity Julian day U_vel
A 6152.11807789 6151.6181 0.597284577682 -5.11324985499 2457640.538 0.0407844583333
B 6158.21722573 6157.7284 0.708931901373 -5.68077003717 2457640.538 0.0611549380672
C 6165.89494446 6165.3603 0.849737005163 -3.48075842311 2457640.538 0.103439526549
D 6173.84264616 6173.3356 0.637157473892 -4.85553709922 2457640.538 0.0436619604591
E 6180.7236777 6180.2042 0.703481604716 -4.27946915741 2457640.538 0.0758507014478
F 6200.82986767 6200.3129 0.671151630222 -4.48269752175 2457640.538 0.068711750599
G 6219.7984461 6219.281 0.640299573985 -4.53590749341 2457640.538 0.0143537359405
H 6246.83325044 6246.3188 0.743046969481 -4.78782610842 2457640.538 0.069903552742
I 6253.07129931 6252.5554 0.58026187339 -4.74295358584 2457640.538 0.023027419453
J 6254.76780334 6254.2585 0.621162713115 -5.06608518089 2457640.538 0.0498450370944
