Line Antares_WL Fe_WL Intensity Velocity Julian day U_vel
A 6152.10834448 6151.6181 0.591527655921 -5.49392529061 2457640.494 0.17562576824
B 6158.23541927 6157.7284 0.704752681203 -4.70039381268 2457640.494 0.288981715139
D 6173.83198357 6173.3356 0.657623829743 -5.27969717415 2457640.494 0.0821292630499
E 6180.67561846 6180.2042 0.685554353484 -6.51836492971 2457640.494 0.238961548909
F 6200.83585457 6200.3129 0.708562816408 -4.09902341967 2457640.494 0.154684058935
G 6219.79874231 6219.281 0.661709630094 -4.42761886753 2457640.494 0.0763915916553
H 6246.82076481 6246.3188 0.698886253353 -5.29348953088 2457640.494 0.561475915138
I 6253.06540237 6252.5554 0.62336334633 -4.93189101901 2457640.494 0.221748034984
J 6254.77117964 6254.2585 0.619707865809 -4.81013339383 2457640.494 0.221224249902
