Line Antares_WL Fe_WL Intensity Velocity Julian day U_vel
A 6152.18312058 6151.6181 0.584238132091 -1.93727021358 2458002.486 0.0323653989129
B 6158.30852605 6157.7284 0.731071197522 -1.22868530093 2458002.486 0.0917327775004
C 6165.94621982 6165.3603 0.869418435766 -0.981752916861 2458002.486 0.0854344405344
D 6173.92596195 6173.3356 0.65326642023 -0.802714834565 2458002.486 0.0466957005985
E 6180.79384391 6180.2042 0.697596669047 -0.869455175629 2458002.486 0.0424429366191
F 6200.92095478 6200.3129 0.726480942111 -0.0714794991022 2458002.486 0.0589017197055
G 6219.85860284 6219.281 0.669976697403 -1.63012134333 2458002.486 0.0553594214876
H 6246.91465327 6246.3188 0.781139383602 -0.874187473772 2458002.486 0.0716120604858
I 6253.13029029 6252.5554 0.63957040146 -1.90854402158 2458002.486 0.0475242867967
J 6254.83913828 6254.2585 0.654968453215 -1.64033970691 2458002.486 0.0361061174166
