Line Antares_WL Fe_WL Intensity Velocity Julian day U_vel
A 6152.18310947 6151.6181 0.588725617841 -2.10281220112 2458002.562 0.0631092049032
B 6158.30117577 6157.7284 0.726985617077 -1.75178564453 2458002.562 0.0238349178312
C 6165.95157228 6165.3603 0.864885637976 -0.886307614346 2458002.562 0.114594779873
D 6173.91761364 6173.3356 0.667828168067 -1.37340997707 2458002.562 0.0221393210526
E 6180.80660931 6180.2042 0.6991207307 -0.414795733256 2458002.562 0.0605259888909
F 6200.91163613 6200.3129 0.749535396807 -0.687358994413 2458002.562 0.0278906932136
G 6219.87013987 6219.281 0.681935451167 -1.23860869241 2458002.562 0.0515460410916
H 6246.89778706 6246.3188 0.778965452219 -1.84924235549 2458002.562 0.0238145826517
I 6253.14727076 6252.5554 0.63784434684 -1.25881461541 2458002.562 0.0588562805815
J 6254.84590904 6254.2585 0.627991719537 -1.48056428171 2458002.562 0.0382670615876
