Line Antares_WL Fe_WL Intensity Velocity Julian day U_vel
A 6152.14465049 6151.6181 0.603026988739 -1.70236620475 2458022.527 0.0453187588993
B 6158.25056598 6157.7284 0.736987438678 -1.94145730985 2458022.527 0.0234859209075
C 6165.89980194 6165.3603 0.853462441643 -1.12939857676 2458022.527 0.337810569058
D 6173.87346741 6173.3356 0.656005137441 -1.24274448285 2458022.527 0.0743402371356
E 6180.74936547 6180.2042 0.697851807598 -0.917531211617 2458022.527 0.0939108809791
F 6200.88046246 6200.3129 0.743030125729 0.0803139367339 2458022.527 0.164968280936
G 6219.81582791 6219.281 0.686554005739 -1.58245963733 2458022.527 0.0245142299775
H 6246.85327663 6246.3188 0.774927989931 -1.71100217972 2458022.527 0.115744487099
I 6253.09237074 6252.5554 0.638136416221 -1.61693870358 2458022.527 0.0338133641076
J 6254.79743803 6254.2585 0.644902652732 -1.52958883405 2458022.527 0.0337736514548
