Line Antares_WL Fe_WL Intensity Velocity Julian day U_vel
A 6152.1786152 6151.6181 0.580527394116 -1.88998716692 2458008.496 0.0387445626455
B 6158.30212696 6157.7284 0.73471405495 -1.27344419002 2458008.496 0.0787086618134
C 6165.94309598 6165.3603 0.854185586433 -0.866755677157 2458008.496 0.0637847220467
D 6173.92153914 6173.3356 0.651570393098 -0.750646175427 2458008.496 0.0945014308281
E 6180.80235286 6180.2042 0.70223173239 -0.189412587049 2458008.496 0.0381632903465
F 6200.9187447 6200.3129 0.741006825876 0.0885867303402 2458008.496 0.224897479965
G 6219.85499512 6219.281 0.682542861751 -1.53714727284 2458008.496 0.0335970380855
H 6246.90941519 6246.3188 0.78387159788 -0.858763575814 2458008.496 0.069871875384
I 6253.14141012 6252.5554 0.65534483746 -1.10801014525 2458008.496 0.105838229731
J 6254.84102569 6254.2585 0.627853759466 -1.28280534308 2458008.496 0.0307659515454
