Line Antares_WL Fe_WL Intensity Velocity Julian day U_vel
A 6151.03037526 6151.6181 0.645443414444 -1.35095844834 2457787.952 0.0128553460312
B 6157.1253086 6157.7284 0.756978475483 -2.07116938412 2457787.952 0.0302189122206
C 6164.81930669 6165.3603 0.889151982896 0.986830160008 2457787.952 0.211467414452
D 6172.74796218 6173.3356 0.726908459557 -1.24590299113 2457787.952 0.044615197517
E 6179.63415526 6180.2042 0.753217234284 -0.360160338052 2457787.952 0.110530314879
F 6199.75041065 6200.3129 0.759777547356 0.0951468795665 2457787.952 0.0446131706898
G 6218.70206715 6219.281 0.731680622664 -0.615034145697 2457787.952 0.0834910492153
H 6245.73094604 6246.3188 0.801083525584 -0.922619277894 2457787.952 0.0474078743884
I 6251.96388177 6252.5554 0.690833401579 -1.07027077053 2457787.952 0.0484881074824
J 6253.68488612 6254.2585 0.711390997497 -0.203718864035 2457787.952 0.0370500148798
