Line Antares_WL Fe_WL Intensity Velocity Julian day U_vel
A 6152.14898483 6151.6181 0.604420631999 -1.50899077623 2458022.542 0.105321346774
B 6158.25169678 6157.7284 0.745573633047 -1.90436584445 2458022.542 0.0637973880808
C 6165.92732186 6165.3603 0.854508900526 0.191692082809 2458022.542 0.112481975744
D 6173.87103678 6173.3356 0.677876453287 -1.37886350303 2458022.542 0.0565315817647
E 6180.75156118 6180.2042 0.698689409286 -0.828946961941 2458022.542 0.0509088930612
F 6200.87693625 6200.3129 0.750690595927 -0.108300625643 2458022.542 0.13511456375
G 6219.81556035 6219.281 0.681844574505 -1.61336555236 2458022.542 0.0106826882848
H 6246.87071771 6246.3188 0.775099476853 -0.891336985418 2458022.542 0.0468722824514
I 6253.10193791 6252.5554 0.638669062534 -1.17590209824 2458022.542 0.0400390613406
J 6254.8194881 6254.2585 0.638388595305 -0.489905888249 2458022.542 0.0630661398852
