Line Antares_WL Fe_WL Intensity Velocity Julian day U_vel
A 6152.14693806 6151.6181 0.592308840528 -1.63580705452 2458022.572 0.0167217082406
B 6158.24184023 6157.7284 0.743367914627 -2.41156945907 2458022.572 0.160581538839
C 6165.92222604 6165.3603 0.83335491855 -0.0832652428685 2458022.572 0.14262539731
D 6173.88760487 6173.3356 0.651250665247 -0.600719358968 2458022.572 0.128904339347
E 6180.74521801 6180.2042 0.704034480415 -1.16385737599 2458022.572 0.0863397643772
F 6200.88283283 6200.3129 0.728902170311 0.150003481176 2458022.572 0.270822195195
G 6219.81623207 6219.281 0.647985416479 -1.60796380837 2458022.572 0.205815658845
H 6246.86839148 6246.3188 0.754772135283 -1.03006217555 2458022.572 0.188502440222
I 6253.11301467 6252.5554 0.631971117423 -0.671434832698 2458022.572 0.0814077098546
J 6254.81529944 6254.2585 0.661736736421 -0.71782481634 2458022.572 0.0218102446384
