Line Antares_WL Fe_WL Intensity Velocity Julian day U_vel
A 6152.17266671 6151.6181 0.593359093517 -0.862081114346 2458019.509 0.0322028044316
B 6158.27898475 6157.7284 0.733459394456 -1.08291590984 2458019.509 0.0570891737591
C 6165.92424868 6165.3603 0.843844039814 -0.465845762776 2458019.509 0.223614264071
D 6173.89294509 6173.3356 0.677538355835 -0.822205188653 2458019.509 0.127860290421
E 6180.76826718 6180.2042 0.699156883387 -0.5260026277 2458019.509 0.0514775559364
F 6200.91364145 6200.3129 0.711510387682 1.15966760479 2458019.509 0.0319062823409
G 6219.83570841 6219.281 0.685778636507 -1.14948203459 2458019.509 0.0767964862983
H 6246.86604474 6246.3188 0.773923881547 -1.62377166269 2458019.509 0.0311884571758
I 6253.11407811 6252.5554 0.611111216606 -1.10141053512 2458019.509 0.115059453784
J 6254.8186787 6254.2585 0.613588454701 -1.03673049425 2458019.509 0.075766251393
