Line Antares_WL Fe_WL Intensity Velocity Julian day U_vel
A 6152.11652557 6151.6181 0.584178258353 -5.09695266287 2457640.495 0.0243887355219
B 6158.22196404 6157.7284 0.709075257164 -5.35792302086 2457640.495 0.0639842847642
C 6165.88308324 6165.3603 0.855644841027 -3.96591284013 2457640.495 0.139796606242
D 6173.84619109 6173.3356 0.652503739539 -4.59126734608 2457640.495 0.0304574897917
E 6180.72094968 6180.2042 0.693783574093 -4.31989299901 2457640.495 0.0342539823811
F 6200.83212043 6200.3129 0.625821615239 -4.28169858003 2457640.495 0.107155218379
G 6219.786392 6219.281 0.670431826785 -5.02536220796 2457640.495 0.0531053401564
H 6246.82555119 6246.3188 0.752373868844 -5.06560800142 2457640.495 0.0126593353955
I 6253.06591016 6252.5554 0.585274386713 -4.90952745149 2457640.495 0.0529380682503
J 6254.7621549 6254.2585 0.649651047838 -5.2450256496 2457640.495 0.0255457652591
