Line Antares_WL Fe_WL Intensity Velocity Julian day U_vel
A 6151.6155447 6151.6181 0.598879205828 -5.69761617111 2457186.58 0.0644383553116
B 6157.71381429 6157.7284 0.724822406674 -6.28360516871 2457186.58 0.0239006558338
C 6165.39571328 6165.3603 0.845778653054 -3.8498265298 2457186.58 0.0969697666112
D 6173.366686 6173.3356 0.659140742586 -4.06234171389 2457186.58 0.0415497212014
E 6180.22761725 6180.2042 0.703160977117 -4.43627771995 2457186.58 0.0346407103114
F 6200.34855414 6200.3129 0.668458458582 -3.84788659787 2457186.58 0.0303259797747
G 6219.29831892 6219.281 0.664481293237 -4.73758571663 2457186.58 0.0337332090558
H 6246.34132379 6246.3188 0.745054029008 -4.49122104909 2457186.58 0.0690017616803
I 6252.58563779 6252.5554 0.622018842213 -4.12217928876 2457186.58 0.0589464201704
J 6254.28020677 6254.2585 0.62249905373 -4.53178446382 2457186.58 0.0231697952238
