Line Antares_WL Fe_WL Intensity Velocity Julian day U_vel
A 6152.09245285 6151.6181 0.584891980009 -5.25292317406 2457651.543 0.0608832000247
B 6158.20473895 6157.7284 0.69510883478 -5.1791164658 2457651.543 0.0869155988433
C 6165.86307308 6165.3603 0.829317096685 -3.92158622776 2457651.543 0.135010097208
D 6173.82146728 6173.3356 0.631487302461 -4.77474781407 2457651.543 0.0263973021216
E 6180.69605129 6180.2042 0.70215810979 -4.51051257934 2457651.543 0.0335625962405
F 6200.81578235 6200.3129 0.628962985805 -4.05421112497 2457651.543 0.0909161744171
G 6219.77050526 6219.281 0.639583320377 -4.77369200069 2457651.543 0.0703544726063
H 6246.80335856 6246.3188 0.724233673852 -5.11348192105 2457651.543 0.05150641761
I 6253.05539819 6252.5554 0.613646091901 -4.39589577655 2457651.543 0.0384152057576
J 6254.74888985 6254.2585 0.612943537318 -4.86331475902 2457651.543 0.0521433174101
