Line Antares_WL Fe_WL Intensity Velocity Julian day U_vel
A 6152.06249963 6151.6181 0.589785538995 -6.03467154271 2457612.544 0.0287917529151
B 6158.17745644 6157.7284 0.707653101574 -5.82930055874 2457612.544 0.084803116234
C 6165.8413757 6165.3603 0.825791570716 -4.2983583586 2457612.544 0.181717949679
D 6173.79148735 6173.3356 0.625833409778 -5.55265544812 2457612.544 0.0375856190766
E 6180.66615504 6180.2042 0.679792903456 -5.28273904465 2457612.544 0.0447873459087
F 6200.78183403 6200.3129 0.668911861882 -5.01778865822 2457612.544 0.0230063970294
G 6219.74473139 6219.281 0.638326339921 -5.33794848792 2457612.544 0.059289139058
H 6246.7745432 6246.3188 0.734146118713 -5.81843411353 2457612.544 0.0530836701051
I 6253.00158829 6252.5554 0.598547154045 -6.29871507771 2457612.544 0.0183890360971
J 6254.70388946 6254.2585 0.612013689658 -6.34286279375 2457612.544 0.0734227833525
