Line Antares_WL Fe_WL Intensity Velocity Julian day U_vel
A 6151.02945433 6151.6181 0.647897379506 -1.36586976238 2457787.937 0.040048897793
B 6157.12964621 6157.7284 0.754058848347 -1.82984461496 2457787.937 0.0326277873848
D 6172.75864012 6173.3356 0.719999557975 -0.696996759631 2457787.937 0.0575880501162
E 6179.63354549 6180.2042 0.750990077814 -0.359760076258 2457787.937 0.0300182599556
F 6199.75154164 6200.3129 0.772599176468 0.17986968303 2457787.937 0.105760859831
G 6218.70922869 6219.281 0.735708847143 -0.239582582338 2457787.937 0.0377367880438
H 6245.7226561 6246.3188 0.800323183527 -1.290771103 2457787.937 0.0492119592367
I 6251.96274105 6252.5554 0.687143207582 -1.09500309473 2457787.937 0.0265795587264
J 6253.68177183 6254.2585 0.675252614931 -0.323103133624 2457787.937 0.0274559150274
