Line Antares_WL Fe_WL Intensity Velocity Julian day U_vel
A 6152.03239021 6151.6181 0.579245651678 -7.09503710677 2457609.605 0.0183376584802
B 6158.16301635 6157.7284 0.713570340448 -6.12481090733 2457609.605 0.0743813705136
C 6165.80121622 6165.3603 0.827275889275 -5.84447657914 2457609.605 0.115288175741
D 6173.76730763 6173.3356 0.633327607721 -6.3196953417 2457609.605 0.0593729939991
E 6180.64429192 6180.2042 0.677346761125 -5.93602036251 2457609.605 0.0377782755735
F 6200.73747648 6200.3129 0.725396568345 -6.75601339931 2457609.605 0.0237135167353
G 6219.70450211 6219.281 0.643892726886 -6.87049202201 2457609.605 0.147004589157
H 6246.75194097 6246.3188 0.70782471991 -6.49598075365 2457609.605 0.0702307933617
I 6252.98494194 6252.5554 0.578257182632 -6.68941343609 2457609.605 0.0880354590712
J 6254.68737192 6254.2585 0.596273981183 -6.72716471557 2457609.605 0.0539905777085
