Line Antares_WL Fe_WL Intensity Velocity Julian day U_vel
A 6151.00850103 6151.6181 0.646633384916 -2.16171338735 2457788.93 0.0357787202361
B 6157.1034942 6157.7284 0.765552401122 -2.87795094857 2457788.93 0.0226851788731
C 6164.77512781 6165.3603 0.871287516539 -0.906868192163 2457788.93 0.0641291920049
D 6172.73882417 6173.3356 0.712342862393 -1.43397463091 2457788.93 0.0139977845674
E 6179.61634811 6180.2042 0.73256032054 -0.968556744326 2457788.93 0.0338923110635
F 6199.74272725 6200.3129 0.783473023307 -0.0206116698531 2457788.93 0.201318891241
G 6218.68162494 6219.281 0.709492784063 -1.3451068329 2457788.93 0.0196635035922
H 6245.71783388 6246.3188 0.793093226751 -1.29637426532 2457788.93 0.0991238582573
I 6251.95204455 6252.5554 0.666478426299 -1.38222528147 2457788.93 0.0242711840361
J 6253.65946755 6254.2585 0.66712450961 -1.16697942176 2457788.93 0.0216439585127
