Line Antares_WL Fe_WL Intensity Velocity Julian day U_vel
A 6152.18425527 6151.6181 0.583171169265 -2.00293433498 2458001.529 0.0336279703034
B 6158.29244831 6157.7284 0.717838466363 -2.13298112673 2458001.529 0.0755862518894
C 6165.9575778 6165.3603 0.863618562996 -0.550085448023 2458001.529 0.0997729469251
D 6173.92639273 6173.3356 0.665231757933 -0.902780617079 2458001.529 0.054969924712
E 6180.79954566 6180.2042 0.694752692948 -0.713680237379 2458001.529 0.0605399784109
F 6200.90551903 6200.3129 0.714192913582 -0.939332909705 2458001.529 0.0796869897843
G 6219.86060567 6219.281 0.667211534328 -1.65451059137 2458001.529 0.0423155307346
H 6246.90318005 6246.3188 0.764153744975 -1.54622642035 2458001.529 0.0436130912037
I 6253.12892099 6252.5554 0.629830069092 -2.09524327153 2458001.529 0.0530332568842
J 6254.8378463 6254.2585 0.633647228492 -1.82331260086 2458001.529 0.0483539917449
