Line Antares_WL Fe_WL Intensity Velocity Julian day U_vel
A 6152.0949124 6151.6181 0.586071748777 -6.16297640499 2457627.513 0.0458388929386
B 6158.21334597 6157.7284 0.707385374397 -5.78978883369 2457627.513 0.0419505160196
C 6165.85045363 6165.3603 0.858288777405 -5.56563578134 2457627.513 0.187122381357
D 6173.84042961 6173.3356 0.671198773166 -4.8832524927 2457627.513 0.0305956067015
E 6180.71108875 6180.2042 0.6863548566 -4.81056305733 2457627.513 0.0329362499254
F 6200.81711732 6200.3129 0.709362168258 -5.01961911315 2457627.513 0.118857316515
G 6219.78812185 6219.281 0.637288352592 -4.95391912309 2457627.513 0.101643339673
H 6246.84777814 6246.3188 0.710962014111 -4.01008540009 2457627.513 0.0235923838601
I 6253.05599695 6252.5554 0.607419949815 -5.3971669625 2457627.513 0.0669563146798
J 6254.77137837 6254.2585 0.603437417618 -4.81460056002 2457627.513 0.0572708507043
