Line Antares_WL Fe_WL Intensity Velocity Julian day U_vel
A 6152.02525669 6151.6181 0.559947200726 -6.04192215402 2457603.58 0.0879756559857
B 6158.11246696 6157.7284 0.680886133056 -7.18654022663 2457603.58 0.0651551040406
C 6165.7970466 6165.3603 0.818857432958 -4.64636601272 2457603.58 0.285347439751
D 6173.76427306 6173.3356 0.67280623178 -5.06616355623 2457603.58 0.203359392751
E 6180.63077774 6180.2042 0.692991144636 -5.19102694469 2457603.58 0.0103141679984
F 6200.778964 6200.3129 0.746807307917 -3.34765404206 2457603.58 0.110088333217
G 6219.69625147 6219.281 0.629573453259 -5.86747860916 2457603.58 0.302220223947
H 6246.74182147 6246.3188 0.694211516528 -5.58100295287 2457603.58 0.375316023547
I 6252.97719125 6252.5554 0.588787936671 -5.66029465082 2457603.58 0.104352051788
J 6254.71084293 6254.2585 0.624882761844 -4.20032340995 2457603.58 0.333109870717
