Line Antares_WL Fe_WL Intensity Velocity Julian day U_vel
A 6151.03949332 6151.6181 0.651279010338 -0.77029215823 2457787.877 0.0103631219129
B 6157.13908105 6157.7284 0.738219656503 -1.26418582186 2457787.877 0.0525542971297
C 6164.81547902 6165.3603 0.874267845242 0.936579573693 2457787.877 0.208766964108
D 6172.76001847 6173.3356 0.712306934387 -0.524014588203 2457787.877 0.0267101916624
E 6179.63529266 6180.2042 0.734917880766 -0.168948584939 2457787.877 0.076780960817
F 6199.7648353 6200.3129 0.758307671425 0.929078627367 2457787.877 0.117210473527
G 6218.71994258 6219.281 0.701413928831 0.383224211438 2457787.877 0.039626975309
H 6245.62948579 6246.3188 0.773104330621 -5.65958163682 2457787.877 0.407893634383
I 6251.97247485 6252.5554 0.669095091755 -0.521971480659 2457787.877 0.08338859558
J 6253.6809034 6254.2585 0.688751157603 -0.258759058508 2457787.877 0.0416264388406
