Line Antares_WL Fe_WL Intensity Velocity Julian day U_vel
A 6152.18705582 6151.6181 0.57447210122 -1.81735782942 2458002.516 0.0747672779888
B 6158.29725867 6157.7284 0.738807768764 -1.84962407637 2458002.516 0.0396697401586
C 6165.93778954 6165.3603 0.851905991128 -1.46396151503 2458002.516 0.142962911869
D 6173.92042563 6173.3356 0.643824052044 -1.14375832994 2458002.516 0.0583822389207
E 6180.79669665 6180.2042 0.702610172606 -0.802976992217 2458002.516 0.0797699536289
F 6200.91101316 6200.3129 0.720685990358 -0.62450123504 2458002.516 0.0933017668133
G 6219.85703341 6219.281 0.67026004442 -1.77782620085 2458002.516 0.0306973585206
H 6246.90002194 6246.3188 0.755760551311 -1.64890521764 2458002.516 0.0492183782616
I 6253.13594245 6252.5554 0.609777447101 -1.70935119297 2458002.516 0.0548234573636
J 6254.8358533 6254.2585 0.648109007733 -1.86991119091 2458002.516 0.0503970057586
