Line Antares_WL Fe_WL Intensity Velocity Julian day U_vel
A 6151.02900873 6151.6181 0.652427041179 -1.35760079335 2457787.922 0.0430343438939
B 6157.12359767 6157.7284 0.765507756621 -2.09452475028 2457787.922 0.0325411182666
C 6164.80726043 6165.3603 0.874236569822 0.460671469806 2457787.922 0.337057482176
D 6172.75549117 6173.3356 0.735480154269 -0.820023736126 2457787.922 0.013386910139
E 6179.6313744 6180.2042 0.748053772144 -0.435149211637 2457787.922 0.0547368565875
F 6199.75427398 6200.3129 0.773861540841 0.342072605954 2457787.922 0.0205849560572
G 6218.7030191 6219.281 0.724766778558 -0.509114919361 2457787.922 0.0273421003368
H 6245.72678011 6246.3188 0.79962086083 -1.06270210151 2457787.922 0.195820397595
I 6251.9745803 6252.5554 0.680612052537 -0.496951211352 2457787.922 0.16983672654
J 6253.68626814 6254.2585 0.69769306956 -0.0774270499599 2457787.922 0.0643691338042
