Line Antares_WL Fe_WL Intensity Velocity Julian day U_vel
A 6152.1559561 6151.6181 0.666959655284 -0.979018354365 2458023.555 0.0807667145554
B 6158.23147478 6157.7284 0.755214002911 -2.69956664013 2458023.555 0.0828679109609
D 6173.87675888 6173.3356 0.735667159505 -0.910792176998 2458023.555 0.045099313463
E 6180.79337227 6180.2042 0.747612116645 1.39065070846 2458023.555 0.279849146374
F 6200.88939483 6200.3129 0.807133150671 0.684503260945 2458023.555 0.113996336965
G 6219.83922406 6219.281 0.727902718845 -0.281897181748 2458023.555 0.0364898744353
H 6246.88785091 6246.3188 0.814426436438 0.121541314138 2458023.555 0.240055163938
I 6253.11128793 6252.5554 0.679623708658 -0.537284564028 2458023.555 0.100406363727
J 6254.82126738 6254.2585 0.69151627144 -0.214558719623 2458023.555 0.115015888524
