Line Antares_WL Fe_WL Intensity Velocity Julian day U_vel
A 6152.1665456 6151.6181 0.602975086423 -1.22659310364 2458019.556 0.0474582866404
B 6158.26618867 6157.7284 0.755239161256 -1.77233157613 2458019.556 0.0539294578986
C 6165.93659098 6165.3603 0.85435978374 0.0687178419382 2458019.556 0.282652627746
D 6173.89550618 6173.3356 0.672547354852 -0.763746606225 2458019.556 0.0238213499617
E 6180.77571095 6180.2042 0.696356691217 -0.23066682297 2458019.556 0.0843408593015
F 6200.88305451 6200.3129 0.756688663049 -0.386270986428 2458019.556 0.143056050402
G 6219.84046896 6219.281 0.679827112106 -0.985847034054 2458019.556 0.0204625209317
H 6246.87774105 6246.3188 0.770070000746 -1.12801811136 2458019.556 0.170157498971
I 6253.11642995 6252.5554 0.652091684315 -1.0545684572 2458019.556 0.0707389040182
J 6254.82268553 6254.2585 0.653237545152 -0.910533822657 2458019.556 0.0545726030307
