Line Antares_WL Fe_WL Intensity Velocity Julian day U_vel
A 6152.11632946 6151.6181 0.594515928833 -5.13851680338 2457640.509 0.0313233984045
B 6158.2222554 6157.7284 0.715627088783 -5.37572807667 2457640.509 0.0978688381847
C 6165.88168245 6165.3603 0.84442777732 -4.06607397567 2457640.509 0.100410026706
D 6173.84469846 6173.3356 0.651803440614 -4.69580328944 2457640.509 0.0395313640059
E 6180.71825816 6180.2042 0.694971625014 -4.48254512109 2457640.509 0.0313054317738
F 6200.84018568 6200.3129 0.649430042369 -3.92346410586 2457640.509 0.075386061392
G 6219.79319257 6219.281 0.650241903863 -4.7293224388 2457640.509 0.0421931893748
H 6246.83843054 6246.3188 0.74465947888 -4.47903448782 2457640.509 0.0664742226404
I 6253.07225533 6252.5554 0.614397574998 -4.6370836421 2457640.509 0.0550489151364
J 6254.76156156 6254.2585 0.635013739426 -5.30548653723 2457640.509 0.0559755373724
